-5.497964002711729775e-02
-9.431670736091692930e-01
-9.922376225868869727e-04
-9.800508472104178803e-02
1.301761560352088454e+00
-2.938677624023694479e-02
2.843302960577119565e-02
-6.409257599573070507e-01
-4.517660562357831040e-04
3.080087188312106289e-02
-4.850680183296276482e-01
2.125182414575689863e-02
4.323621448984784612e-04
4.093558787911278918e-01
7.402684006020572582e-04
-2.636911698051646463e-02
-1.053025867774330049e+00
-1.250300610359868399e-02
-2.735916303905784608e-02
4.233565297636499580e-01
1.899859588383488382e-02
-1.443993729343902022e-01
2.790428046062465861e-01
3.842499746884365380e-02
-2.555675888616595337e-01
1.493977249001351426e-01
2.021795191808412745e-03
-3.756629779899272464e-02
5.328383045804802043e-01
-4.393943488315855397e-04
-4.584105702169988250e-02
8.813084211962319836e-01
1.426652696720700358e-02
2.912672764978612716e-01
1.015889285159191496e-01
-1.633817284009316667e-02
-2.835932369006892093e-02
-7.982441426544367724e-01
-1.905699291553509048e-02
1.854471373121189398e-02
-5.945168005379907195e-01
6.858434094546768910e-03
-2.179508837249843900e-01
-8.855297022965733520e-04
-1.524765179168963321e-02
-2.083077552922603659e-01
-9.034046878749406317e-02
-4.005260262488446327e-02
-2.496231202715065989e-01
-6.613214731968145021e-03
-1.723201395947253009e-02
3.532618402130756341e-02
6.152381156860164957e-01
-1.911430831171227404e-02
2.670579713409303169e-02
5.812657955246444130e-01
1.246816820644737825e-02
-1.710283903845950804e-02
8.194420280441672144e-01
-4.188562326908335312e-03
2.916410314923784802e-02
6.149486282517403479e-01
2.052191776878554280e-02
-7.969324433300832844e-01
-2.587324872560090722e-02
3.915599016050795578e-02
-8.928807534744438723e-02
1.161825871571817714e+00
-8.699615109740561208e-03
6.611658889576523812e-01
8.879856763444114731e-02
-6.955278742550592697e-02
-5.295832425781817759e-02
1.286668192400819644e+00
-3.491327117823717768e-02
-7.692111319119369905e-02
9.826874830328692356e-01
-6.141980875366951677e-03
-1.090661915626603765e-02
-9.421695653546811045e-01
-1.764001357622010241e-02
2.836519027771784995e-01
8.466112234702131978e-02
-1.815376388891472986e-02
-6.360452795237380233e-03
-5.608959959436181641e-01
-1.477460310197523281e-02
-5.693179912033023010e-02
-1.186685652496134669e+00
9.759430746464852965e-03
