9.129538401619232690e-01
-2.413495724899576089e+00
3.081197820315697200e+01
2.598967389220219748e-01
-1.120652898711956391e+00
3.459254659693040423e+01
7.151565259197245616e-01
-4.436166384465042967e+00
4.687083173872163400e+01
1.842091272038976824e+00
-4.588591764995454625e+00
4.983198398892075431e+01
1.302763439994498063e+00
-5.922355118592246725e+00
5.950441575361798385e+01
5.114089020760217430e-01
-4.954692507756202957e+00
5.762499770258860821e+01
2.949412534481871684e-01
-4.454342613212078916e+00
5.126675474388445508e+01
1.421937936368973254e+00
-3.958521621542607338e+00
4.850472347630261538e+01
7.854697682669182779e-01
-3.888177459258681967e+00
4.797768040063537853e+01
-1.316846056793867514e-02
-4.267394257042353090e+00
5.024006231043563986e+01
2.660121328984147229e-02
-3.800718703623751971e+00
5.388082934635516352e+01
9.097787419471218273e-01
-3.429614673187753482e+00
3.557642002085720634e+01
-1.689305580414034724e-01
-6.585778696575996349e+00
6.331548402967407441e+01
-1.442994400118214671e+00
-1.189822768679047194e+01
9.991381732941569283e+01
-2.075075235190292355e-01
-6.129467172817761877e+00
8.029037917533067059e+01
4.925307673212540038e-01
-7.978936459390221003e+00
7.899130087607822759e+01
-1.122761615055574563e-01
-9.674180700379153564e+00
8.283651552531156881e+01
-1.626583731958778145e+00
-9.589549350156406859e+00
9.170044369293161424e+01
-1.882213653108259166e+00
-8.512072114905336662e+00
8.237758849625012658e+01
-1.364489766726673770e+00
-7.649097133988632891e+00
8.306741145405078441e+01
3.104988975858825384e+00
-9.329033955379571807e+00
8.169020962271287090e+01
2.637755877199613241e+00
-1.761796869132919996e+00
3.108277722894390749e+01
-4.100071881647474048e-01
-1.608450638558760470e+00
3.452345409026747802e+01
1.746987571570411291e+00
-2.706646122040117231e-01
2.547794054341269998e+01
-5.461143579469613929e-01
-1.864311145767956424e+00
3.459794134810326938e+01
3.949378423162035467e-01
-1.923489781399255083e+00
3.648668530043520519e+01
-7.357858658864016577e-02
-3.765126417645372037e+00
4.462331837520078182e+01
7.764298664356015234e-01
-4.604197444370758063e+00
4.767227792142973186e+01
1.374416114357189696e-02
-4.391012904333273070e+00
4.627168391309903228e+01
1.173352159247437604e-01
-2.070584746177963176e+00
2.925983738588095306e+01
